6500 2 0
246 228
318 190
355 151
325 213
240 135
377 222
213 124
298 87
180 146
406 87
311 96
170 193
266 178
272 192
353 130
374 174
210 140
357 77
291 197
317 225
150 97
290 83
176 134
223 215
360 106
193 130
258 173
296 212
232 183
402 93
211 165
337 92
359 115
346 88
251 178
282 136
367 92
382 132
389 225
249 85
328 100
281 198
196 167
147 164
164 221
195 209
396 103
334 82
350 145
147 142
280 193
199 220
392 150
181 157
380 164
149 148
160 202
352 87
384 149
173 179
163 128
357 147
243 77
307 215
187 100
338 78
357 134
179 151
229 85
321 78
388 205
334 193
259 228
218 198
174 109
176 144
411 136
204 217
213 174
337 142
197 171
238 176
383 174
299 120
387 174
313 95
279 104
315 79
272 203
360 214
240 144
271 217
388 172
145 206
285 94
243 160
262 111
407 174
251 204
214 118
303 185
241 97
173 206
274 194
281 90
340 151
205 83
265 133
347 145
377 198
345 94
353 140
219 223
265 172
246 92
226 194
405 131
318 192
321 227
211 98
405 168
301 200
174 216
208 96
392 107
211 199
372 109
148 198
323 213
176 192
147 129
215 130
393 149
241 200
217 111
274 140
207 222
335 151
150 219
179 170
167 140
205 108
137 152
267 173
410 100
303 79
322 121
292 88
350 97
264 100
262 127
329 182
359 161
204 83
331 121
152 166
275 134
249 190
349 130
190 215
225 231
362 218
141 224
137 205
252 123
137 223
197 95
141 205
257 204
216 178
389 230
200 185
175 223
187 197
294 171
378 188
367 99
257 120
305 115
350 77
392 189
316 228
344 192
184 197
381 184
257 95
181 170
213 127
286 166
239 226
219 206
368 182
286 139
247 146
296 214
270 138
210 100
221 142
179 88
317 221
314 130
260 98
259 117
247 153
307 176
391 77
208 215
231 143
189 162
349 173
300 159
287 135
219 184
401 195
267 144
173 216
143 102
195 204
248 228
378 117
349 222
394 187
225 202
175 160
270 142
364 151
165 100
356 123
155 163
383 231
141 163
177 151
270 79
403 139
321 94
363 105
216 159
398 129
233 205
213 165
283 120
240 89
358 185
238 99
214 219
149 81
374 199
144 211
193 188
345 119
260 105
182 97
411 196
266 99
372 193
186 149
285 140
239 226
243 231
356 142
159 97
320 140
326 159
163 95
383 193
176 112
245 208
382 127
168 173
340 107
390 155
388 92
341 79
338 160
271 211
248 133
154 98
204 114
348 223
158 214
380 122
183 224
329 105
291 167
250 102
344 145
234 231
352 97
311 121
255 188
396 156
387 121
277 97
307 136
219 221
353 136
253 140
294 199
260 108
142 215
296 144
288 77
168 99
165 95
239 198
366 196
204 109
217 120
392 153
246 214
389 124
155 167
211 162
206 189
199 173
249 103
375 147
336 197
403 119
213 209
279 83
216 148
214 96
388 91
353 225
304 182
276 117
398 190
275 124
401 179
404 214
250 123
403 158
195 108
252 176
162 222
394 146
401 145
221 157
383 125
284 82
300 154
197 88
168 81
301 134
217 213
154 141
338 141
178 200
217 135
370 119
212 180
147 126
388 208
185 95
336 193
372 185
179 93
351 86
285 172
340 198
378 207
329 97
372 142
314 81
383 127
399 88
219 89
188 120
264 105
363 191
170 95
187 120
401 182
143 197
264 197
248 142
369 99
267 113
143 202
211 181
163 164
248 95
260 129
253 213
339 149
403 108
183 220
261 181
191 163
322 151
284 146
187 187
287 202
204 107
273 175
228 102
386 226
343 118
167 125
246 147
285 167
173 148
320 173
166 189
263 96
249 203
211 215
367 178
276 192
200 85
145 211
341 147
217 194
302 224
228 141
293 108
253 220
364 77
348 82
240 222
384 84
169 200
331 184
310 80
312 159
239 217
310 208
248 202
261 212
144 123
313 186
315 169
144 115
152 153
364 78
345 135
314 182
266 229
236 228
384 211
330 140
389 183
283 99
372 213
230 156
201 142
159 113
221 225
320 205
146 175
282 126
354 207
252 193
325 223
245 211
378 116
144 157
216 106
264 159
178 229
256 223
268 82
283 176
164 127
183 203
183 134
207 202
156 122
265 129
300 229
147 110
345 111
264 141
186 126
169 121
405 177
350 166
196 115
209 228
327 165
401 209
214 108
332 207
272 160
325 79
383 84
217 165
143 86
301 204
388 171
388 192
155 141
199 117
287 181
337 206
213 194
248 229
161 215
347 216
348 95
147 125
340 230
369 138
139 196
197 172
147 78
405 83
358 216
139 213
370 190
312 180
218 193
244 191
393 127
305 160
189 159
189 138
268 225
205 160
339 198
141 91
185 214
243 104
174 86
263 97
334 116
207 138
236 86
179 163
344 179
163 157
309 170
252 80
337 100
235 222
404 229
290 149
176 120
321 121
323 196
158 171
168 122
397 114
265 231
245 133
223 187
235 114
354 107
345 185
316 194
140 174
289 219
273 171
213 145
286 103
167 172
353 94
354 109
411 206
258 228
297 150
328 169
327 131
343 96
247 100
276 100
401 221
401 123
144 87
156 167
388 89
364 221
262 109
398 77
321 162
310 104
294 189
411 175
322 187
324 126
231 77
253 130
149 219
176 188
303 123
408 217
166 194
355 92
325 83
181 215
273 94
367 131
249 206
230 151
276 155
378 116
215 184
261 186
309 102
294 177
386 105
301 212
239 184
327 92
362 141
283 96
368 141
288 77
259 81
157 156
320 181
140 172
354 184
370 217
214 181
299 181
147 196
388 184
308 182
222 126
200 89
166 91
331 177
232 181
317 219
210 151
343 164
312 115
320 221
309 96
331 100
400 227
410 121
410 96
253 171
183 167
366 124
289 174
356 173
310 170
204 178
257 139
304 207
402 121
312 152
228 152
391 142
326 86
242 132
355 151
203 146
248 147
376 187
153 168
358 135
286 167
263 115
278 184
330 175
369 172
195 158
162 202
328 104
168 196
241 164
214 212
396 168
387 200
393 125
277 188
408 77
187 84
329 115
157 164
336 225
150 158
377 152
383 156
196 223
194 151
392 98
349 196
279 129
333 163
197 206
384 181
398 194
150 146
366 168
365 179
267 130
349 173
259 157
179 206
146 125
181 173
199 231
285 190
162 185
303 203
162 118
408 137
337 141
335 209
357 188
229 225
401 201
242 83
343 104
264 124
200 133
189 135
252 226
322 143
182 143
147 92
363 187
198 179
156 205
363 206
260 231
407 217
355 217
259 205
279 132
320 142
375 147
308 187
293 127
185 220
164 125
206 216
310 140
389 222
138 202
197 162
303 120
197 201
350 117
401 175
282 151
175 175
314 95
195 165
372 155
220 104
374 181
315 153
399 89
312 147
314 110
259 93
254 207
145 149
354 95
385 174
140 222
223 157
370 131
332 137
154 98
191 205
145 104
259 77
404 147
382 155
203 117
251 106
409 149
317 92
387 126
398 182
216 197
273 115
280 80
325 201
210 118
331 105
142 211
286 177
243 95
146 86
272 103
241 215
169 208
299 144
349 143
276 196
327 177
379 122
384 176
301 179
358 212
278 154
297 143
319 128
257 166
253 167
162 227
161 212
265 107
352 99
188 97
400 182
328 225
373 135
162 122
170 114
271 174
265 157
291 190
339 146
187 160
373 95
285 172
213 179
376 96
175 149
141 220
189 216
224 133
285 183
139 213
332 193
158 211
191 109
374 171
283 213
143 154
199 168
193 126
227 124
391 196
201 91
213 78
227 202
352 141
292 125
286 166
254 84
401 212
404 196
334 218
287 130
265 163
253 143
305 100
204 112
364 104
216 128
282 142
348 90
247 157
173 224
138 165
138 173
179 132
352 224
180 192
171 219
184 149
279 132
143 215
365 126
260 219
250 150
269 152
250 140
339 95
213 214
354 231
185 210
270 111
332 155
353 82
375 208
194 226
180 154
196 95
174 124
328 227
154 146
373 144
191 131
409 95
258 101
228 107
203 155
157 162
282 78
338 125
202 166
296 126
209 184
289 159
182 134
158 206
351 186
281 129
369 163
322 170
202 82
209 101
382 137
145 210
287 206
393 188
263 88
139 100
386 87
220 168
360 78
286 221
184 136
370 114
376 106
267 194
273 190
370 116
213 143
253 173
335 148
301 127
318 130
398 154
273 214
180 126
155 97
297 108
174 179
225 170
369 165
255 83
291 128
323 108
228 212
271 227
411 223
402 172
199 118
378 96
191 172
157 144
261 143
290 77
225 143
254 219
383 96
227 181
363 79
298 120
232 195
165 195
392 188
218 128
265 171
354 91
296 117
223 179
335 228
213 110
381 102
346 177
268 162
230 116
278 154
367 203
349 182
269 196
279 171
168 144
270 130
139 164
286 222
343 129
359 94
369 177
262 91
246 131
238 113
391 196
342 193
289 214
226 190
176 110
223 88
326 148
220 107
188 212
269 185
254 119
144 158
345 175
233 162
275 98
396 220
411 190
357 223
245 122
213 198
171 157
351 192
358 230
210 141
296 205
329 174
235 206
276 175
194 220
156 179
194 120
319 178
219 177
321 178
273 199
148 225
259 122
380 106
337 148
318 212
298 122
157 102
297 118
383 104
334 200
142 105
338 99
373 222
156 183
368 125
313 160
409 129
361 168
400 220
265 108
299 125
277 230
402 180
272 127
222 92
391 148
268 185
341 128
334 100
394 175
231 218
327 207
281 231
300 141
356 183
204 186
176 220
298 163
246 115
233 94
281 175
333 178
368 227
403 93
287 113
154 88
148 229
215 93
249 105
139 149
140 220
212 101
340 97
208 214
261 213
171 98
252 185
281 160
161 171
161 82
217 171
288 203
181 193
339 86
223 209
306 99
311 173
336 114
352 177
331 176
399 184
285 188
323 147
398 201
278 222
364 218
217 132
162 172
163 174
202 113
321 134
139 199
401 114
403 98
286 194
303 96
239 161
239 159
339 112
295 89
330 101
229 213
214 171
374 88
256 219
218 180
335 157
351 108
321 84
161 206
216 214
182 125
408 217
141 148
403 163
154 158
345 188
359 215
316 120
324 208
207 192
245 214
368 188
339 136
181 171
304 175
320 137
249 99
222 212
212 190
179 171
268 188
351 229
232 126
403 220
245 92
321 119
393 94
169 157
236 158
183 162
270 226
231 168
324 101
342 159
258 107
178 194
382 199
299 93
158 214
335 226
284 100
303 101
249 193
184 128
281 121
303 167
237 136
379 90
254 110
279 161
297 228
370 147
195 201
335 102
282 204
228 87
200 146
372 116
370 92
199 141
258 119
319 195
153 213
379 124
199 176
357 224
163 122
239 127
212 129
309 166
204 116
251 208
227 193
235 166
269 126
251 96
382 200
186 79
220 140
235 122
154 152
187 118
283 161
282 162
181 144
183 187
314 214
219 200
362 164
341 150
323 176
241 133
322 211
200 216
340 176
239 193
368 95
216 202
309 181
272 149
360 179
231 204
179 215
345 143
267 201
171 96
173 211
156 133
225 149
404 172
182 83
392 132
183 79
335 120
310 194
345 144
371 156
208 98
291 90
150 186
341 199
172 108
214 86
364 174
155 81
349 121
142 95
163 123
241 209
196 166
370 208
228 219
322 84
236 122
315 125
179 191
387 135
192 209
410 158
327 106
149 106
283 149
174 227
246 89
360 201
151 216
259 87
191 215
350 192
389 224
150 93
216 182
272 143
173 218
276 82
410 93
348 200
221 217
337 85
257 163
224 89
337 85
277 222
406 142
233 176
340 186
238 171
321 219
381 153
371 124
299 122
180 103
365 104
180 166
314 113
354 115
154 202
377 83
236 80
389 157
172 184
178 110
290 191
280 153
210 194
267 204
408 176
351 216
373 167
203 219
367 86
177 211
281 79
248 216
163 186
150 120
261 143
202 170
280 163
228 192
341 107
296 78
165 85
398 199
343 79
186 136
174 123
319 98
352 77
400 195
245 130
318 110
309 200
221 89
137 226
234 121
341 86
347 141
388 131
363 199
167 104
315 105
195 185
312 206
147 214
282 108
298 167
406 214
273 124
307 209
323 167
241 96
325 159
252 80
184 178
259 81
405 188
203 126
370 86
235 89
244 138
252 199
397 225
172 193
213 139
239 120
286 223
341 98
372 181
352 227
361 94
358 203
350 197
291 204
249 149
209 214
373 227
239 224
206 189
222 118
319 90
388 111
281 208
295 183
295 171
197 153
320 213
187 210
287 185
296 123
303 212
221 226
318 84
138 81
301 230
209 120
176 201
204 187
234 88
223 166
297 229
346 94
232 128
330 197
243 84
203 185
263 208
302 196
336 175
266 172
255 78
399 169
302 163
332 208
323 113
265 114
330 174
387 97
265 159
182 200
182 210
222 123
297 172
219 200
270 95
238 97
380 204
282 212
178 120
141 220
255 231
305 95
337 155
317 124
153 223
164 197
275 98
267 77
313 129
337 95
381 129
389 179
221 90
274 188
194 151
254 206
259 141
322 135
295 216
355 202
206 141
168 141
401 170
330 208
167 180
348 109
322 215
236 78
161 99
191 85
370 92
209 183
229 178
248 200
327 210
257 143
192 139
258 193
281 185
367 194
210 153
274 224
385 186
313 87
329 140
265 188
243 176
304 191
304 209
183 225
328 215
364 81
212 141
349 215
216 208
263 166
254 230
156 230
335 205
220 133
138 221
305 127
194 165
221 152
143 124
395 181
211 211
237 117
268 194
227 231
261 221
407 129
262 220
368 111
247 156
321 215
364 118
302 139
373 215
188 94
196 209
291 178
229 115
385 154
175 153
185 159
275 88
139 194
271 98
347 176
302 161
209 109
340 159
273 186
244 88
280 88
295 163
207 142
253 156
214 86
368 179
358 188
326 171
392 81
394 134
142 130
381 194
259 194
169 200
182 211
392 99
351 84
233 167
241 152
229 206
171 177
300 191
395 124
337 133
349 203
336 119
384 212
282 216
234 143
265 178
195 115
282 90
299 78
142 138
258 200
152 81
379 86
213 137
308 159
354 95
227 159
356 185
394 189
274 179
155 141
401 85
189 80
206 146
404 183
389 96
232 132
376 192
164 100
220 137
283 134
320 140
264 211
368 113
217 103
347 78
137 120
204 142
149 167
278 111
359 102
161 113
389 108
357 216
408 79
294 215
285 78
212 151
346 158
218 226
245 123
357 189
302 119
275 230
355 94
317 229
296 198
253 148
317 162
200 133
191 149
310 210
290 170
232 164
232 118
298 160
359 124
241 115
200 223
346 139
274 148
353 115
231 120
139 219
339 112
360 217
372 189
168 204
298 112
246 135
139 101
308 140
243 84
294 190
233 219
255 160
256 115
377 94
398 107
346 163
212 127
306 135
374 135
253 200
151 100
394 210
284 94
284 141
313 209
148 128
395 83
174 175
291 115
161 96
283 152
215 197
368 100
282 99
254 166
317 163
236 119
390 108
229 173
325 156
242 161
291 201
175 177
341 170
193 225
238 140
200 145
409 133
193 135
384 200
375 154
354 89
340 220
272 87
211 201
380 208
301 195
355 123
190 105
328 178
411 153
213 83
181 203
266 176
235 152
262 86
311 86
167 115
218 198
386 91
349 176
385 80
301 152
220 143
299 78
286 95
165 183
158 182
317 111
168 210
348 142
255 79
306 207
380 209
229 103
349 180
189 160
194 171
240 209
369 166
273 152
347 162
308 145
159 144
339 197
402 213
379 158
404 154
320 127
223 203
398 151
273 219
246 83
402 228
213 108
378 151
249 125
360 87
226 132
198 78
366 227
373 86
382 185
355 205
248 125
326 170
362 227
411 224
311 214
209 119
370 134
231 77
157 92
254 224
296 166
385 84
349 208
350 144
341 207
156 187
206 180
365 79
216 185
324 133
307 116
310 193
410 111
327 115
318 107
188 154
287 215
157 198
139 132
265 91
244 155
302 147
335 116
351 96
330 200
311 77
384 121
345 118
231 153
179 207
180 195
225 93
312 96
295 219
159 80
224 209
221 208
186 138
398 96
333 150
401 220
164 223
260 210
275 88
385 197
209 154
153 94
344 170
190 189
339 189
236 204
266 104
203 194
212 166
277 230
174 168
231 80
187 194
284 168
173 212
390 213
314 207
210 123
252 213
261 173
185 145
145 129
188 125
201 125
388 189
254 222
220 182
296 124
360 79
356 95
360 87
149 128
141 149
205 218
362 184
337 132
393 217
216 98
266 184
376 148
365 135
267 130
384 168
188 149
399 79
309 170
233 123
321 108
267 114
268 105
361 200
374 143
348 139
371 142
393 176
353 217
376 136
337 97
408 85
140 109
158 205
341 154
190 117
305 99
145 216
156 126
328 117
393 215
351 202
322 218
389 108
256 124
313 162
228 104
181 97
159 221
372 153
155 168
320 183
403 182
237 203
336 85
270 89
184 116
197 228
387 230
373 135
160 185
249 170
293 83
137 224
316 192
174 163
361 110
266 179
205 195
373 93
374 155
270 78
189 160
297 130
183 94
385 150
163 101
204 132
169 217
341 183
286 185
180 204
369 206
253 99
349 166
378 218
154 114
162 180
249 184
401 202
404 140
352 199
249 191
255 105
307 201
194 190
330 120
137 127
213 193
259 192
219 166
214 228
336 171
371 212
347 103
302 212
272 174
392 156
222 171
166 178
261 84
407 112
145 94
219 172
227 101
360 195
387 199
195 147
403 124
344 116
313 197
348 77
278 111
367 213
262 160
181 157
350 223
374 191
262 230
197 114
251 136
316 153
173 131
166 231
360 114
359 87
158 205
364 116
326 197
327 169
166 154
247 214
364 193
278 116
205 87
316 152
282 144
322 185
231 127
404 79
300 166
364 126
198 148
292 101
407 177
201 149
316 176
392 178
260 212
250 135
298 136
324 140
359 191
185 147
243 190
392 124
307 88
274 91
138 121
354 209
253 208
377 127
237 145
358 105
381 126
146 205
247 164
219 86
249 102
212 98
264 210
399 202
159 179
326 101
165 108
183 144
158 103
153 103
249 97
397 120
367 141
211 96
251 205
238 77
304 123
249 192
210 203
393 188
202 123
408 200
173 163
222 171
209 173
386 171
165 135
211 129
333 192
167 168
273 111
364 83
177 226
158 136
236 121
390 193
360 77
280 218
162 148
166 161
149 80
149 150
251 104
163 202
197 133
299 162
192 92
181 116
367 225
366 90
363 176
320 192
319 111
140 134
154 144
221 81
398 219
347 192
343 89
357 210
164 115
397 202
306 207
166 109
251 93
283 207
169 106
245 147
332 137
159 170
178 114
239 201
398 189
235 189
390 162
332 131
198 231
154 134
252 213
306 155
314 155
361 208
202 194
362 175
157 194
357 142
325 79
288 113
326 94
343 142
257 185
205 231
367 200
179 139
192 216
155 152
321 87
373 90
159 146
254 126
278 153
274 101
319 173
197 100
400 176
238 109
138 103
232 202
170 170
324 149
149 127
337 115
306 113
239 88
163 189
137 140
161 229
364 227
260 115
266 77
254 181
208 192
212 124
159 198
408 175
289 227
228 91
267 219
257 84
363 214
178 185
245 153
154 142
150 147
334 121
396 108
306 152
261 97
376 172
295 208
164 81
284 219
365 166
340 97
146 137
401 152
322 180
285 214
159 176
304 153
318 144
389 198
173 183
295 123
310 137
181 83
186 206
398 206
138 213
338 196
296 155
281 110
150 219
343 225
294 108
392 128
249 86
316 116
175 209
342 184
170 182
346 226
286 107
298 82
299 121
383 77
180 195
209 166
198 198
201 186
255 185
267 224
345 201
400 191
160 140
316 101
249 143
286 147
380 202
384 86
251 78
311 154
297 183
182 123
306 221
371 161
389 132
149 176
161 145
152 128
325 197
399 92
149 216
366 157
224 175
258 138
268 103
205 224
281 107
399 166
203 218
182 136
365 210
233 207
297 231
315 194
176 196
378 216
232 135
204 162
324 208
279 150
206 82
184 203
369 99
367 177
160 224
328 222
389 142
355 116
319 94
207 110
312 112
166 167
381 86
161 191
151 82
178 210
212 157
251 127
195 92
274 158
345 79
262 125
286 95
288 106
325 175
360 156
146 219
379 183
213 114
143 197
292 178
201 190
400 212
219 188
398 124
225 89
235 91
336 194
304 149
370 97
379 153
274 149
381 180
237 147
176 193
398 198
252 191
405 171
319 191
243 196
173 78
389 120
307 193
155 202
331 116
286 173
294 204
366 151
312 193
216 113
251 168
183 154
193 210
297 126
143 125
335 155
397 224
367 194
218 220
304 161
285 175
389 125
301 120
411 149
169 163
351 97
364 214
347 191
250 125
186 107
278 213
213 115
217 95
297 165
350 229
292 102
299 141
340 132
143 186
255 225
208 147
280 217
317 87
211 85
203 167
411 168
210 160
322 204
312 200
369 112
410 231
140 203
147 181
291 227
156 223
321 149
160 221
161 100
347 117
293 184
310 84
357 162
180 104
173 91
166 199
410 77
286 126
388 175
386 167
214 121
230 228
255 95
389 78
296 183
364 227
142 196
290 221
294 202
168 186
329 183
372 229
363 144
155 132
244 90
274 150
396 145
200 121
399 163
380 212
269 110
375 81
380 189
292 155
256 78
325 163
329 78
316 90
287 95
383 176
206 154
152 103
358 223
316 144
294 81
308 194
357 116
409 190
401 231
292 163
370 102
377 142
259 155
343 177
148 193
392 92
346 217
320 166
309 115
403 227
293 198
208 90
248 114
251 121
273 226
376 85
143 135
192 108
193 98
402 128
229 138
345 175
322 90
258 155
202 169
188 152
207 183
316 215
320 231
334 151
222 98
271 102
305 203
145 124
251 100
152 141
235 81
156 215
272 215
388 191
232 97
251 82
222 92
373 142
225 130
232 167
198 171
316 137
309 220
174 86
176 86
221 169
390 125
210 128
139 201
336 137
297 112
289 184
234 81
371 83
295 83
240 164
328 185
310 87
314 217
280 155
352 221
244 226
407 173
233 155
156 194
281 144
358 92
200 147
361 148
282 136
273 218
280 147
334 224
342 85
195 145
275 133
151 207
264 120
169 131
153 172
304 104
173 171
322 172
142 124
407 78
383 191
306 121
245 88
404 121
323 185
285 174
140 116
180 180
280 157
213 140
208 127
385 128
404 140
257 143
375 175
236 201
298 183
355 173
140 221
199 144
411 79
254 116
189 108
219 86
140 170
348 83
292 197
170 210
332 151
410 125
357 199
210 168
294 231
234 145
291 138
408 179
401 101
260 110
187 134
234 187
319 144
278 205
199 220
159 171
192 104
191 190
375 228
312 95
170 197
256 149
246 96
244 180
287 96
242 118
203 79
373 208
305 100
283 231
210 83
214 183
309 136
252 187
228 131
176 197
156 207
307 84
221 189
237 198
343 188
382 230
140 199
192 228
340 180
324 220
376 163
183 197
389 170
232 223
173 137
279 148
206 134
355 200
141 185
141 143
168 190
260 231
174 99
163 215
213 141
318 222
137 90
323 186
255 120
146 90
291 151
175 182
208 201
213 155
401 169
215 199
281 138
281 139
150 97
218 223
322 133
204 130
221 188
408 114
371 137
198 138
198 204
376 227
250 227
186 127
213 145
371 194
208 97
140 165
155 130
287 155
322 123
352 188
200 168
288 105
237 116
381 165
197 151
175 155
405 153
143 97
156 141
210 93
210 146
388 85
329 107
359 193
324 129
395 142
250 178
241 177
154 174
147 205
304 200
219 223
314 140
304 108
390 196
241 222
329 104
211 203
200 130
329 175
239 182
325 135
225 193
291 179
307 81
352 117
164 228
187 171
215 92
175 100
314 77
399 137
337 218
230 189
280 154
202 103
283 177
287 98
171 214
143 223
191 127
312 141
408 223
401 204
379 136
298 80
220 121
300 160
290 191
143 114
164 131
350 215
181 221
163 99
366 203
295 230
307 159
155 103
235 151
199 160
354 224
221 194
263 96
380 174
336 100
289 140
267 206
198 178
367 93
325 113
327 199
185 135
352 222
220 202
284 161
226 113
193 227
385 205
326 122
352 149
316 120
254 89
330 170
277 168
221 143
261 151
356 175
261 128
225 137
246 130
350 218
398 81
381 79
236 99
228 77
215 99
250 132
294 132
199 194
219 137
231 201
293 103
410 85
269 160
278 217
281 100
193 81
403 84
177 104
247 108
279 126
220 226
355 136
356 130
391 211
394 198
368 93
331 96
411 102
360 110
265 151
283 201
147 95
279 87
155 148
163 157
247 210
368 174
293 95
263 90
257 100
325 123
189 179
360 108
353 120
340 140
279 103
348 99
411 160
231 136
405 145
344 116
328 181
237 181
149 118
244 204
345 79
181 119
369 77
160 93
203 77
365 166
383 145
168 177
146 139
239 219
187 100
142 99
249 147
270 102
374 220
164 142
142 193
156 89
195 221
194 137
140 151
327 134
315 188
217 81
207 143
292 174
399 110
207 178
377 224
363 176
142 126
185 97
302 158
179 180
337 193
377 197
320 224
140 193
357 113
256 85
172 88
411 96
339 112
180 135
407 172
187 120
182 186
408 159
255 178
248 116
196 197
273 177
154 168
359 114
347 94
380 180
392 208
190 158
313 145
304 183
336 166
395 133
178 175
304 193
289 81
280 138
275 97
196 209
410 154
404 160
142 179
203 124
255 227
335 168
182 169
363 181
388 194
328 224
357 133
137 224
401 214
315 104
207 193
178 193
154 84
149 124
140 78
324 159
374 110
143 96
182 94
326 117
200 129
185 203
404 163
257 82
319 202
218 193
160 173
376 146
363 138
199 114
225 214
274 206
164 231
272 165
165 148
247 178
259 142
242 178
367 122
190 173
138 219
298 87
387 131
182 136
181 122
318 134
162 188
391 194
163 196
368 214
276 201
227 224
401 220
407 152
252 106
265 118
201 136
329 216
287 214
139 89
390 100
400 177
324 227
185 113
303 173
315 187
328 215
171 93
287 200
403 137
241 222
292 220
230 103
300 87
295 163
365 105
358 123
403 192
294 185
346 105
166 97
201 182
350 108
167 82
235 142
290 139
158 221
230 181
165 231
399 223
255 130
408 191
270 167
359 95
289 140
146 129
141 149
332 92
370 127
376 83
190 121
229 189
367 122
370 183
254 168
252 113
343 133
279 190
140 95
173 127
172 95
138 132
171 198
233 200
275 172
176 154
138 216
316 101
273 80
223 147
386 102
146 221
410 182
174 212
256 132
317 167
185 181
245 104
216 199
179 118
282 90
391 186
317 229
216 199
193 149
215 114
319 101
402 170
217 121
263 174
323 138
395 169
375 133
394 167
246 175
328 80
386 161
367 92
392 213
229 224
260 84
155 205
243 109
265 214
283 136
282 151
327 153
247 169
364 188
392 89
285 81
193 115
145 226
347 172
351 115
235 133
234 104
251 148
326 139
158 109
336 218
281 152
364 218
300 180
292 169
154 225
267 163
385 177
188 103
327 135
372 222
351 172
197 154
260 86
315 195
164 208
306 121
352 87
265 219
340 127
170 157
259 179
225 130
302 168
213 184
371 168
207 110
290 208
221 126
370 192
317 228
221 94
277 145
140 77
388 96
270 124
409 116
391 135
273 214
280 152
357 220
157 185
281 102
150 179
380 123
213 152
262 133
384 217
249 89
362 193
282 230
398 176
216 173
316 213
390 100
245 138
159 156
249 200
390 130
188 130
279 146
154 94
275 99
334 143
226 106
252 225
164 180
405 227
180 170
374 171
263 227
354 220
341 231
411 120
392 192
376 120
302 124
171 160
276 217
332 110
391 207
317 114
272 79
322 93
259 178
400 83
308 174
333 131
257 185
189 194
141 220
302 178
181 135
181 107
209 129
314 134
233 100
200 114
280 218
186 207
305 119
354 118
278 187
255 226
365 211
388 109
311 149
250 137
379 212
159 199
334 111
152 85
227 169
190 214
164 202
328 80
383 210
203 209
139 118
290 193
359 88
214 137
271 174
409 128
247 177
321 117
220 182
270 118
285 154
329 219
301 154
343 207
336 195
137 218
200 90
250 110
406 208
268 153
147 119
161 183
374 136
288 230
274 172
388 204
191 203
407 186
275 108
337 146
244 175
313 148
197 139
295 161
243 165
373 85
208 83
184 186
324 91
225 121
315 156
270 172
389 98
307 114
216 206
315 184
399 77
390 79
383 181
343 226
272 172
231 91
317 195
223 175
305 194
144 89
149 133
269 92
361 226
140 145
287 166
187 116
253 88
227 144
205 192
367 132
246 190
411 163
278 102
234 216
139 131
362 222
202 222
277 89
372 112
172 180
242 180
395 218
177 209
386 81
352 104
212 104
228 187
394 222
249 192
217 161
244 231
380 113
304 117
408 179
261 83
274 160
148 142
403 97
276 147
217 212
198 215
310 158
238 117
253 109
403 230
394 216
198 143
312 177
193 130
366 162
229 188
263 219
353 166
290 212
358 181
144 142
258 231
253 163
249 97
203 227
382 195
359 162
397 188
175 212
353 104
259 157
313 88
315 112
150 203
205 176
262 205
168 132
323 216
199 93
249 160
223 207
186 78
214 158
215 106
354 171
184 222
387 102
209 214
341 229
356 162
167 205
240 204
365 182
402 185
138 163
373 200
294 101
321 175
410 185
351 181
205 191
356 158
261 222
264 185
263 160
183 78
206 113
319 154
348 84
368 196
324 225
276 105
158 205
354 190
272 158
293 219
307 206
282 117
182 130
334 206
353 102
240 151
309 220
280 108
178 134
216 172
411 141
228 95
240 161
289 225
172 222
258 124
379 211
345 212
401 152
364 179
271 124
360 218
145 119
245 170
242 179
391 78
300 187
352 160
172 99
366 114
193 164
170 205
294 103
330 193
351 202
207 88
368 96
262 183
241 118
250 199
374 98
263 125
227 106
206 159
407 121
375 181
245 101
357 116
332 180
407 140
154 87
344 129
312 116
270 180
204 90
149 168
144 161
243 99
384 210
357 115
322 133
140 187
236 120
399 171
407 129
261 115
262 173
187 79
249 212
189 153
308 218
140 101
321 197
391 103
313 199
173 78
250 179
345 166
324 114
230 213
185 221
205 155
349 219
315 123
394 227
157 99
400 230
261 199
273 183
198 118
316 191
365 192
270 190
405 223
407 123
227 225
372 225
174 158
194 112
365 155
409 210
209 189
250 221
230 80
386 111
358 212
162 78
364 169
176 93
259 209
234 88
253 207
217 211
156 113
357 182
300 206
225 229
170 154
247 124
177 222
161 192
207 165
357 168
173 204
328 101
300 216
405 117
148 92
314 166
140 209
178 150
369 136
385 222
178 112
236 142
346 195
216 173
186 228
170 159
362 224
384 118
282 173
148 165
295 166
247 97
139 219
235 140
309 146
252 194
166 183
348 141
317 185
244 90
245 208
407 166
203 99
292 116
209 110
381 214
324 128
147 188
275 153
209 174
267 230
143 146
249 146
254 162
215 227
333 127
239 142
204 79
278 212
254 78
206 144
250 190
354 210
405 210
390 177
384 172
140 144
225 194
339 230
406 197
349 107
153 203
395 86
214 205
204 197
211 138
178 195
330 225
394 159
338 216
269 112
189 146
364 183
304 112
399 218
328 165
361 222
146 223
198 87
363 87
277 205
215 145
357 208
401 179
349 126
242 185
210 202
395 122
285 136
239 147
196 165
270 225
369 162
300 203
371 207
145 148
158 187
326 188
277 101
308 138
375 189
198 178
288 221
139 103
187 143
148 175
234 199
185 211
261 114
370 135
243 110
371 124
380 152
303 230
290 219
352 169
205 231
326 208
239 172
359 222
353 190
399 133
282 230
145 180
150 140
171 193
145 86
297 170
349 144
184 101
396 122
366 117
188 167
294 167
229 86
138 164
205 116
311 172
162 141
287 230
349 113
210 206
297 101
339 139
265 115
385 135
250 196
236 220
202 206
250 86
334 179
264 170
251 118
207 89
338 190
259 199
322 151
191 98
304 124
163 147
351 138
226 153
327 213
221 201
283 227
194 135
343 110
268 225
262 208
248 181
372 202
403 179
166 170
333 213
387 184
159 88
172 197
366 182
143 89
233 115
227 115
226 187
198 142
200 216
258 181
153 125
198 193
249 140
249 85
287 129
196 150
222 120
197 171
358 134
386 227
293 149
349 149
327 207
215 175
273 121
200 82
371 226
364 112
373 207
360 214
324 146
168 179
264 100
153 161
407 135
167 179
231 138
403 174
199 202
281 202
307 88
282 89
284 217
144 230
209 209
304 162
380 173
211 114
230 149
184 95
159 128
395 154
271 225
206 219
276 222
216 196
329 90
215 132
342 121
396 183
320 191
294 77
284 213
374 153
197 167
153 129
317 127
337 224
321 147
340 215
335 81
206 183
161 230
208 164
411 213
158 217
346 188
302 80
322 103
210 176
256 162
401 167
199 207
306 200
150 117
167 223
365 203
205 199
155 163
382 164
386 98
193 152
316 204
318 199
217 227
145 185
197 154
357 199
314 211
288 163
183 198
316 231
140 190
226 138
364 104
250 183
330 147
274 82
376 214
394 188
387 98
148 166
352 115
257 198
330 129
284 99
173 176
285 151
227 205
157 94
327 168
184 105
404 187
393 193
321 217
202 160
241 229
409 146
317 107
172 224
142 199
179 202
405 91
246 153
321 81
194 127
287 214
209 83
311 88
381 150
285 166
326 170
390 177
154 132
213 148
207 98
173 114
225 121
224 190
156 125
392 167
239 223
298 197
236 231
192 229
153 225
402 97
307 155
259 182
380 88
364 111
225 196
384 138
217 115
216 143
319 82
253 198
197 137
205 89
368 197
210 149
298 147
270 135
340 213
168 211
333 110
221 133
179 118
160 77
391 226
312 156
371 169
300 224
339 203
259 150
168 176
203 181
252 149
393 80
291 151
172 131
385 169
384 132
245 179
205 160
188 108
182 111
245 219
391 177
356 169
140 154
201 96
236 176
404 208
406 115
150 157
354 229
294 209
283 135
201 155
372 95
387 147
237 135
395 140
171 98
141 90
255 202
346 89
388 130
138 84
386 155
287 117
363 212
294 121
334 183
239 78
315 174
358 121
221 127
156 173
290 93
353 165
350 180
370 219
341 224
342 186
309 169
394 204
387 121
324 228
318 114
208 143
207 103
333 91
359 98
295 115
390 178
307 158
397 187
304 102
409 136
214 142
399 225
152 116
273 186
148 102
292 169
291 188
157 183
173 223
363 82
139 125
188 153
332 89
169 222
331 102
160 90
189 202
174 118
238 217
375 105
371 203
203 78
386 140
240 212
397 203
160 89
263 171
349 141
347 197
258 226
195 101
407 86
256 199
309 109
374 224
255 222
231 161
396 206
368 193
325 131
264 228
142 95
307 141
403 81
155 163
146 158
334 157
323 99
268 100
167 168
203 117
216 108
392 179
258 96
158 93
243 87
318 183
381 228
149 149
311 187
354 226
182 111
318 119
389 161
324 130
350 171
221 150
146 125
328 165
238 159
397 172
303 222
325 91
189 212
333 95
168 208
301 178
338 158
401 211
198 175
393 158
368 144
316 122
358 87
155 135
361 140
179 84
222 198
312 141
219 97
358 206
252 120
252 100
401 82
370 106
169 225
281 207
224 81
292 95
302 121
350 192
178 110
340 226
328 147
288 138
242 94
344 215
321 83
294 196
244 226
405 205
306 159
223 79
152 106
189 205
365 184
146 228
167 94
220 94
356 117
322 218
284 138
282 124
347 127
149 219
151 216
348 169
408 134
154 91
138 216
399 214
168 78
137 145
179 211
273 86
233 174
402 226
189 113
183 85
223 182
159 162
401 201
145 123
334 120
167 161
339 207
196 178
232 116
265 94
144 225
340 92
390 230
371 200
345 111
299 161
363 159
138 216
360 118
354 190
353 211
202 157
198 117
191 231
137 139
359 150
304 223
190 132
209 225
208 132
283 114
303 121
170 207
217 148
395 231
249 227
175 207
359 141
376 229
174 87
325 104
184 172
137 97
140 113
396 189
366 223
366 179
201 211
149 96
379 117
288 169
394 212
255 162
178 180
350 196
331 143
395 103
394 169
374 139
352 231
195 188
270 99
253 195
199 100
235 177
344 123
178 157
329 212
143 191
187 202
207 208
326 133
220 105
246 83
411 134
217 187
167 156
171 78
172 143
374 191
397 214
346 123
218 133
183 222
202 169
223 193
313 192
377 148
307 205
333 82
189 191
267 133
370 77
324 147
348 92
409 177
204 121
322 187
280 133
152 216
365 85
292 131
210 129
201 143
297 130
168 106
216 223
315 113
253 195
238 226
215 220
221 124
387 106
282 219
296 96
320 222
342 119
399 106
351 106
229 106
286 191
227 82
288 79
139 168
267 195
184 151
178 115
390 188
345 87
187 193
378 174
274 131
167 151
174 174
313 89
141 110
296 90
219 174
198 187
228 158
253 113
310 172
138 116
169 223
398 79
177 107
194 155
167 166
267 226
213 94
386 206
212 88
353 100
169 139
242 215
401 97
362 207
365 81
296 221
249 201
248 142
313 139
330 154
190 146
218 134
192 186
207 140
263 122
366 111
198 117
142 100
149 211
404 89
320 100
363 117
366 200
275 77
393 216
151 117
401 189
330 111
346 219
208 101
323 144
354 110
369 229
241 180
411 114
363 226
237 86
222 175
268 131
410 225
384 92
398 125
335 211
266 188
269 185
389 146
261 139
176 77
333 201
287 135
203 177
148 216
196 182
384 165
214 116
192 152
369 79
363 125
342 78
210 196
256 200
249 142
313 83
177 80
408 117
214 122
184 161
252 207
304 106
304 175
154 133
255 151
298 117
354 164
238 119
180 116
241 117
174 93
304 224
229 95
262 131
165 105
245 209
268 190
212 188
355 173
366 163
320 154
346 120
374 193
228 120
227 164
177 116
137 184
310 167
238 176
137 207
311 141
191 164
226 96
355 115
281 79
222 221
272 78
247 206
252 224
247 212
165 140
211 95
389 96
293 164
152 197
210 217
188 90
215 178
356 96
240 198
205 181
334 120
213 205
345 189
386 214
194 107
181 202
376 177
297 216
350 115
324 99
309 231
300 140
340 112
357 154
368 199
325 192
366 193
303 209
240 202
362 140
236 218
151 139
353 177
280 95
212 170
288 180
239 218
218 128
212 215
401 98
381 211
404 211
211 210
399 82
247 108
382 120
351 191
391 228
402 189
230 206
178 112
357 175
179 108
327 139
326 141
261 181
307 178
157 175
142 178
311 169
182 197
292 98
226 110
283 115
160 131
210 167
205 188
260 86
326 194
331 220
302 173
180 138
211 79
251 114
202 103
398 153
139 216
332 197
310 188
264 212
263 99
388 108
150 115
331 120
329 181
311 124
257 155
411 142
205 148
358 146
217 101
317 99
229 142
295 174
195 190
312 196
177 141
221 220
377 133
283 199
168 131
201 184
313 178
297 92
239 203
290 195
149 78
307 139
399 215
138 158
361 130
152 173
233 231
180 178
211 94
256 131
276 212
152 209
184 212
153 176
242 101
388 213
247 229
344 195
310 89
387 184
146 85
356 180
148 115
245 160
326 128
283 125
356 172
147 121
194 90
200 87
332 227
325 133
160 176
193 208
393 180
401 78
176 191
203 191
372 135
393 199
245 113
371 114
193 88
228 173
178 147
394 129
267 165
175 170
329 166
350 93
211 118
290 154
194 225
296 159
197 229
327 195
313 119
385 189
254 81
246 111
363 202
317 197
341 199
183 227
410 130
306 202
204 176
152 91
259 147
289 99
336 211
379 114
157 102
260 156
166 209
228 89
405 115
244 185
153 215
325 122
255 181
175 115
195 107
194 173
361 220
261 211
352 84
281 231
246 117
302 201
277 102
268 219
411 87
349 133
182 193
208 158
395 219
197 109
161 188
378 85
378 81
230 106
272 91
197 176
220 93
163 216
270 179
198 168
383 211
256 91
150 117
145 182
137 198
303 185
260 130
143 81
382 181
294 96
352 178
186 178
305 119
376 79
316 112
173 186
280 228
308 185
185 80
370 82
383 115
304 218
363 201
379 168
186 156
279 185
353 116
273 186
332 148
371 136
370 127
202 151
152 87
161 96
139 116
325 163
212 197
148 148
215 220
259 102
332 187
293 194
270 133
322 114
193 198
143 168
367 164
321 215
339 86
184 135
347 228
210 169
391 199
244 202
209 128
184 210
404 228
237 230
298 179
247 116
367 136
337 105
201 169
263 82
361 118
191 177
254 144
409 205
367 131
202 83
306 150
398 221
153 204
224 111
319 171
290 135
315 114
198 156
334 108
314 195
362 196
158 196
411 193
153 143
264 99
402 200
399 203
219 161
145 88
222 220
280 114
280 108
248 117
269 202
266 181
302 162
410 90
187 203
139 214
382 157
216 174
317 154
193 132
369 195
278 176
338 80
374 109
320 204
204 171
207 163
379 139
310 175
154 83
266 85
216 195
347 213
302 164
221 206
261 132
144 205
291 162
327 217
175 90
178 178
306 121
241 88
269 192
355 133
187 216
367 90
400 191
334 206
282 176
199 147
406 124
151 174
341 104
284 191
331 219
392 155
251 222
225 132
178 99
137 210
183 198
342 116
328 114
328 154
234 153
342 227
306 105
169 150
275 199
292 224
191 78
147 214
254 226
411 102
289 153
235 211
411 124
164 121
205 185
401 103
143 212
173 98
217 222
377 89
347 125
150 86
180 226
170 165
403 207
362 136
369 187
337 215
276 148
230 113
188 192
336 83
401 92
347 134
377 108
170 205
352 129
262 183
393 79
190 139
364 181
137 171
305 179
300 164
243 192
368 171
387 169
155 99
163 200
295 142
197 123
353 117
204 136
402 206
357 162
322 136
246 87
168 78
157 106
174 121
249 166
276 198
390 191
154 155
180 201
340 133
278 152
173 209
306 143
185 140
235 216
318 224
170 102
385 137
280 162
291 90
383 222
315 180
223 212
194 175
194 141
296 206
366 139
197 228
346 179
175 84
176 140
259 167
176 77
227 161
142 230
329 193
262 115
165 170
288 87
149 103
260 202
347 148
403 208
305 104
350 157
293 90
282 188
219 165
197 92
378 214
233 168
369 111
399 155
301 158
261 103
156 205
202 195
341 172
271 192
230 181
165 220
236 218
374 128
271 94
381 113
170 114
194 141
364 104
341 184
238 134
267 157
384 171
247 173
250 134
158 132
170 93
379 206
223 142
366 135
291 171
384 168
279 229
316 206
237 224
178 143
147 188
194 205
311 110
347 149
152 188
163 205
362 159
286 228
175 211
171 184
372 114
368 83
266 130
356 101
312 177
187 202
333 190
175 133
286 192
393 172
279 86
245 211
176 181
322 214
329 208
212 93
215 195
165 192
309 84
345 154
173 153
281 172
241 121
317 139
396 176
232 118
314 213
248 191
311 144
169 101
272 172
367 229
236 168
138 227
259 95
373 209
338 154
346 179
272 135
223 211
235 211
291 158
399 196
260 159
369 176
222 230
249 169
341 82
264 92
198 102
411 77
152 155
148 125
369 144
374 201
228 115
386 130
357 160
295 172
219 171
366 83
386 217
332 102
396 132
237 106
263 125
139 213
318 170
409 129
367 81
351 83
238 202
402 178
337 77
254 86
145 134
372 164
308 204
216 185
219 187
143 93
236 153
188 124
208 79
316 100
378 113
235 143
277 229
153 226
274 206
312 117
153 110
227 201
228 118
178 207
330 95
294 151
319 185
348 80
394 152
233 87
251 226
183 162
290 85
142 111
149 98
204 203
270 198
151 201
252 223
179 82
266 172
308 183
309 224
224 84
329 223
404 89
326 212
169 218
274 89
237 170
307 140
167 79
316 148
320 77
248 146
141 128
404 126
352 133
330 168
354 84
187 98
295 220
257 119
285 207
220 86
406 102
299 230
167 123
405 88
234 163
346 126
286 134
278 188
252 114
253 211
366 219
303 153
198 157
386 116
299 176
386 132
405 205
264 195
289 226
140 220
362 197
148 124
174 187
268 112
330 110
302 200
233 172
395 112
152 157
151 90
369 77
268 137
381 160
190 96
379 102
350 229
269 218
200 211
279 131
330 229
373 178
333 107
219 121
242 186
313 118
142 210
185 178
393 159
145 189
331 102
297 93
225 140
399 99
227 223
342 152
167 215
332 224
297 84
340 163
150 82
293 208
382 135
379 122
323 122
183 225
331 98
241 157
287 114
342 207
199 228
257 167
304 221
259 131
220 87
182 107
384 226
207 159
313 121
145 186
313 191
252 219
329 102
318 136
216 144
200 84
357 104
211 171
192 182
312 79
238 156
145 217
401 224
157 130
240 152
162 107
278 104
244 165
217 106
179 218
308 86
369 116
206 83
338 174
244 98
283 126
173 123
294 144
346 162
317 227
357 194
362 116
207 87
297 170
339 102
375 190
258 202
293 136
337 93
165 157
357 196
289 144
258 123
374 220
141 80
274 213
403 178
228 143
378 106
150 96
331 160
209 139
251 132
284 199
178 175
361 153
192 129
338 209
363 148
268 132
401 191
249 195
157 172
208 95
208 123
144 122
283 150
229 223
257 155
403 231
375 221
357 138
275 126
266 107
254 125
160 137
216 199
321 228
332 152
198 230
402 171
170 91
258 219
409 144
168 219
233 216
150 168
162 120
389 213
211 174
341 227
365 158
196 211
289 178
296 141
139 228
270 119
214 180
177 188
408 144
397 124
267 188
342 194
171 122
244 110
223 182
215 124
151 178
260 212
173 166
188 167
269 107
226 178
282 198
141 94
277 100
214 78
184 88
333 204
313 124
247 106
178 78
289 177
397 220
234 231
378 106
206 221
169 200
206 168
141 118
370 143
226 227
351 171
368 205
211 190
169 218
198 113
144 158
331 135
361 228
152 219
361 80
195 78
157 166
189 217
138 185
177 119
316 141
170 194
202 94
247 141
267 165
267 157
278 190
272 184
294 148
348 121
394 135
399 91
276 200
240 109
158 140
328 227
216 110
397 118
276 174
177 168
410 94
370 130
230 130
252 185
276 202
241 141
374 113
360 165
173 117
340 217
309 187
231 112
139 195
163 148
267 102
190 189
283 137
186 199
268 100
192 185
212 116
214 121
345 140
356 162
152 174
291 152
291 136
156 89
183 182
146 195
186 143
343 123
399 118
320 176
281 89
247 195
181 86
260 188
270 231
163 194
363 77
236 85
218 135
212 91
304 195
297 158
317 87
317 122
364 199
255 157
212 173
245 160
298 88
352 212
140 81
356 174
345 193
148 91
403 207
229 195
348 92
376 98
408 227
344 223
237 180
211 119
292 136
279 124
372 150
327 223
163 136
383 184
277 165
218 156
386 125
251 112
156 145
284 130
293 202
274 191
304 220
322 183
247 225
278 122
184 193
388 99
182 227
280 108
380 207
202 218
237 111
274 106
289 211
190 212
318 205
363 178
383 218
167 124
214 83
190 112
378 82
304 216
274 98
255 231
386 101
223 93
271 172
333 93
344 179
173 111
180 216
203 181
279 149
283 181
357 198
241 101
406 162
327 128
310 131
342 174
173 108
256 220
285 100
374 173
364 145
215 201
314 202
201 156
327 133
179 179
276 137
155 152
379 140
250 227
141 92
400 188
201 199
238 112
239 122
203 116
392 163
254 117
323 201
369 172
340 81
267 102
410 228
371 125
247 171
189 186
393 88
174 171
354 107
247 103
180 206
323 125
372 190
314 83
221 133
289 144
281 153
284 231
205 183
310 229
145 123
329 80
317 169
258 111
241 191
200 193
232 173
369 94
389 220
144 121
377 123
244 213
181 164
263 83
205 84
271 214
253 125
188 148
372 116
373 102
379 170
161 168
388 154
359 137
153 155
312 210
151 231
217 93
395 126
195 178
364 164
388 157
184 215
160 128
211 210
189 96
151 218
182 221
359 169
361 230
207 172
335 192
168 225
336 152
283 196
305 124
340 166
189 201
354 192
361 180
303 169
215 151
228 85
204 227
328 194
240 200
174 204
180 170
272 177
288 212
253 205
308 156
148 137
167 177
407 116
381 149
332 144
284 103
393 118
300 127
390 125
283 222
372 229
182 173
287 151
171 90
306 154
372 226
324 169
376 191
178 83
199 97
403 203
305 206
171 146
167 209
339 82
255 106
203 140
212 170
305 100
325 179
290 129
232 222
229 187
209 172
173 187
346 108
405 164
263 101
366 113
336 180
350 136
169 182
180 115
279 126
212 99
396 207
232 101
296 224
280 77
164 230
198 208
205 127
261 85
283 155
258 127
148 141
349 228
300 203
174 91
383 88
388 166
401 208
183 224
344 179
394 174
383 118
254 123
236 146
243 174
213 204
373 90
200 203
285 129
167 152
212 218
162 168
272 107
210 130
409 95
220 82
153 226
350 138
398 182
145 123
264 118
382 184
369 125
188 139
189 210
335 148
230 103
253 82
296 184
195 109
273 219
320 187
140 111
323 219
405 98
138 93
335 157
216 197
292 135
384 172
306 83
164 94
182 108
148 144
316 116
297 158
217 98
223 187
310 127
346 118
315 133
332 163
261 176
233 136
251 153
173 78
191 229
292 127
215 210
248 107
308 129
270 203
230 88
140 122
369 226
162 126
231 209
224 80
241 86
250 137
163 129
216 207
357 90
247 184
355 141
406 78
308 190
254 164
313 189
231 96
205 79
291 113
183 142
158 77
153 77
141 124
388 207
293 202
405 88
249 223
272 181
191 213
149 206
332 220
194 114
268 185
403 93
156 153
334 226
384 211
287 144
378 185
236 121
240 91
258 106
329 176
208 135
319 157
366 111
146 195
198 170
192 227
346 149
401 110
154 152
191 203
219 110
174 199
393 171
395 176
363 187
344 91
328 206
306 218
137 139
234 214
275 171
185 115
231 90
322 186
147 127
403 87
231 160
370 127
188 78
200 183
299 176
333 164
408 204
312 101
258 218
139 156
185 86
263 136
141 231
327 121
335 186
167 134
325 167
334 187
154 191
163 159
226 189
397 183
146 184
302 162
396 164
156 87
312 106
215 100
272 224
335 128
188 152
145 182
404 145
163 134
263 109
318 166
180 179
368 101
370 200
382 226
271 78
404 98
340 137
159 213
138 111
162 168
284 101
263 98
249 120
195 136
147 120
401 169
278 168
372 182
183 92
373 135
352 159
235 192
199 102
336 142
319 193
265 195
170 98
283 124
383 195
318 128
219 213
373 118
157 205
364 98
233 90
280 196
149 93
196 206
256 122
162 112
146 150
341 118
156 114
176 170
269 189
177 146
384 198
185 222
138 209
279 79
268 211
282 106
149 178
197 80
199 129
356 203
137 224
206 130
145 153
277 82
405 89
269 230
194 189
160 183
257 155
251 94
348 170
240 91
242 173
237 167
189 120
202 134
375 108
179 127
189 91
137 101
385 78
358 204
177 186
347 164
185 156
356 148
187 95
368 222
145 196
362 188
160 157
370 185
325 205
179 114
277 187
205 122
311 131
161 129
200 164
218 99
324 108
140 156
224 201
334 82
169 108
147 82
280 86
310 129
379 134
245 167
204 230
259 231
359 123
376 161
384 203
354 121
220 148
149 166
281 190
346 173
402 179
173 122
388 223
390 229
160 216
316 136
328 123
397 198
138 123
202 150
163 189
360 106
337 79
224 154
219 89
381 109
240 93
270 142
321 229
250 98
203 213
345 159
193 193
167 87
310 113
158 193
151 173
137 174
339 209
340 169
387 190
318 104
181 145
304 191
311 181
253 78
395 122
212 128
256 152
236 138
165 206
291 156
244 151
406 159
175 79
140 208
209 106
399 172
394 175
209 150
350 141
250 180
146 226
253 122
366 101
285 219
205 131
378 157
252 192
274 190
147 160
184 127
154 184
400 139
181 224
364 154
174 229
347 148
269 106
209 110
256 185
267 92
403 148
202 153
333 141
363 228
211 183
247 213
180 175
235 165
249 159
381 126
142 103
356 175
257 168
167 152
365 130
362 179
177 147
163 201
388 131
243 117
178 147
157 87
190 102
356 211
389 103
176 132
256 200
146 120
306 109
198 175
255 215
174 207
363 179
315 120
362 212
326 121
257 120
154 130
271 92
300 171
237 135
268 137
354 213
337 146
377 212
336 100
408 110
201 205
298 89
296 132
324 162
256 125
289 82
215 155
179 84
324 199
391 176
235 132
365 90
311 165
157 203
352 161
226 79
339 152
203 128
144 148
353 127
391 95
155 116
278 131
269 202
368 137
280 78
254 127
365 145
143 94
182 153
146 178
235 207
393 125
338 205
372 171
210 199
335 127
249 173
251 175
295 80
174 229
245 209
240 189
150 118
400 151
290 191
206 106
233 134
369 182
215 104
168 121
184 200
279 218
371 184
375 115
200 77
312 168
375 221
152 212
247 138
360 102
326 88
219 167
249 214
295 117
366 207
356 165
350 119
221 229
337 212
273 178
152 224
238 191
245 179
368 189
253 171
147 100
386 133
211 231
202 86
380 199
322 92
362 158
181 121
345 202
386 181
270 164
372 119
282 206
368 185
206 205
257 130
188 164
284 172
399 181
180 227
139 229
239 103
210 196
142 135
377 92
280 101
309 213
213 120
392 189
142 183
360 173
144 176
188 168
206 99
267 149
233 133
349 199
394 176
378 141
338 98
381 162
394 186
309 213
319 80
336 166
269 130
181 215
329 131
372 169
320 214
204 183
236 98
382 207
196 103
351 97
323 82
246 166
402 227
314 175
192 147
234 220
287 188
252 161
369 166
324 166
185 79
174 95
374 101
298 104
294 132
273 163
358 150
350 137
236 95
169 191
218 205
345 82
298 197
358 170
391 133
362 197
155 204
384 132
315 110
242 107
350 224
181 216
260 100
355 115
284 127
352 105
192 125
365 153
295 98
275 144
390 183
246 170
372 199
370 132
384 126
197 213
190 114
143 202
247 168
287 230
279 151
138 167
383 214
174 86
372 105
347 117
139 169
137 197
384 227
350 115
323 110
348 119
184 192
189 157
197 78
294 205
190 105
223 169
197 153
371 189
192 124
216 216
279 189
267 191
201 165
178 138
329 97
144 102
331 94
303 107
358 132
209 131
349 230
193 173
206 138
411 89
155 148
362 198
171 223
389 123
322 206
279 185
222 200
175 89
238 126
214 166
194 182
275 203
279 209
194 187
395 209
377 216
182 228
145 103
214 129
404 162
182 98
192 103
349 185
272 156
258 85
362 205
331 178
292 182
332 216
182 197
403 227
352 228
197 166
307 180
387 138
229 78
242 130
194 188
341 170
148 129
234 140
168 182
169 144
209 135
377 135
357 231
389 211
404 112
141 185
324 227
239 149
281 81
296 139
255 112
150 127
382 166
226 198
237 200
239 191
229 128
209 217
279 159
304 84
373 78
325 79
226 210
305 145
389 144
323 110
149 212
324 187
173 130
214 88
220 136
223 98
164 118
293 225
259 148
346 82
271 192
205 114
284 146
315 192
411 148
311 193
193 178
151 224
391 85
144 89
326 89
354 180
231 185
383 166
340 218
373 119
196 189
243 102
213 181
202 150
383 212
141 135
403 112
273 82
365 218
312 102
151 88
399 176
268 191
411 133
178 166
214 119
330 111
271 226
380 85
361 218
176 135
376 154
265 224
146 163
245 170
172 106
320 149
367 188
390 94
340 189
359 128
324 225
161 206
393 190
315 184
333 106
332 121
359 136
229 110
238 187
405 118
240 182
359 216
182 113
344 145
361 127
211 107
310 130
268 87
308 118
327 153
294 113
207 140
238 120
247 228
176 162
370 190
210 112
201 142
253 197
302 196
342 208
370 157
268 142
310 102
350 98
161 183
151 231
322 111
301 198
296 167
260 157
274 224
166 106
391 176
187 77
358 129
159 224
173 140
271 118
391 111
402 225
198 166
349 212
367 114
388 145
161 205
295 106
204 190
217 166
155 84
318 191
353 173
377 156
358 143
200 147
293 157
243 222
247 155
274 144
311 186
190 168
371 117
143 121
151 188
197 116
220 180
282 118
333 169
251 94
329 155
189 182
150 91
251 182
335 101
299 129
201 150
174 151
184 192
341 226
305 167
256 126
197 222
411 222
244 119
193 196
161 100
321 181
371 171
243 110
188 231
325 164
305 103
368 174
325 120
318 123
325 151
154 201
156 202
174 227
247 153
182 215
204 208
385 124
250 144
308 125
154 84
317 208
223 166
322 141
273 82
250 84
324 203
261 169
354 95
250 160
277 220
172 163
200 200
256 229
224 227
336 231
274 215
354 135
268 127
237 226
316 184
238 184
273 102
163 166
195 116
285 91
220 132
288 224
405 198
348 123
353 117
168 135
245 216
201 196
167 194
231 110
350 227
377 180
296 152
353 88
295 224
282 222
158 113
271 95
287 142
197 220
232 206
361 178
276 192
328 111
301 93
232 125
142 149
345 213
215 175
145 154
206 152
139 86
138 142
364 224
334 162
155 187
361 196
270 146
361 96
239 79
269 214
211 107
202 184
161 154
259 80
333 124
338 78
356 105
277 115
340 137
351 223
391 96
275 87
331 125
176 201
178 103
270 161
208 146
249 138
187 222
195 173
139 93
379 104
332 98
390 196
256 224
292 109
239 208
319 111
282 163
141 201
149 145
348 137
154 143
221 94
372 97
171 102
281 99
251 81
314 135
238 124
165 141
350 78
367 182
196 87
203 116
350 222
385 149
266 185
310 170
257 231
390 81
262 171
340 221
314 91
377 209
391 111
182 205
280 152
332 184
324 211
251 167
396 164
228 117
261 102
402 101
198 206
400 138
355 209
315 103
263 196
311 86
141 224
336 192
172 223
345 167
251 178
190 127
367 162
382 216
231 160
194 211
247 142
221 199
375 189
322 222
294 228
392 137
147 117
221 182
185 195
331 129
150 206
363 184
259 160
288 147
357 154
140 105
337 84
226 207
312 101
366 89
139 227
304 180
213 202
364 211
364 174
184 92
192 77
258 130
278 147
238 111
143 211
167 171
383 134
383 194
309 183
176 217
370 156
323 77
151 217
360 112
233 219
344 129
258 85
169 187
396 112
257 102
284 224
187 121
332 144
187 92
273 100
217 90
192 109
375 211
162 160
377 168
394 142
252 108
272 157
171 156
240 203
158 167
191 113
402 212
277 231
310 195
382 180
282 207
264 102
259 141
193 178
257 108
342 116
178 104
325 101
272 162
157 142
213 93
270 118
293 174
372 90
198 122
279 207
372 130
356 206
218 83
181 184
334 146
198 85
361 226
324 197
352 200
148 81
246 212
410 204
164 198
261 200
407 130
267 113
249 138
377 98
201 112
367 133
391 201
309 140
216 172
250 135
174 172
236 94
162 229
202 122
275 100
225 136
340 150
365 89
175 130
373 210
290 173
308 180
345 94
369 161
368 224
220 141
284 134
367 177
277 107
311 132
320 226
199 159
170 98
267 113
334 116
317 115
380 129
149 104
171 83
259 117
349 100
334 148
240 105
370 135
344 213
358 212
344 77
237 223
358 228
186 144
328 126
245 215
195 162
326 165
166 203
404 93
213 180
322 78
198 77
263 118
288 112
158 81
363 222
213 98
150 124
398 187
388 160
181 207
200 126
227 139
189 108
278 205
302 134
359 167
372 210
353 124
189 182
211 195
316 221
146 154
250 214
300 99
182 177
139 77
384 178
225 98
338 190
268 84
242 220
291 83
291 147
305 147
343 178
328 136
375 156
316 171
353 222
293 201
167 115
184 187
206 209
208 145
328 107
319 105
224 141
320 112
318 220
207 219
275 148
260 158
207 180
353 200
312 138
150 229
256 119
295 180
268 86
374 181
306 136
291 180
142 117
366 194
221 217
323 175
308 161
388 113
248 110
315 221
277 144
209 178
207 174
292 230
200 96
172 185
362 81
383 131
180 128
333 97
275 201
370 82
174 217
286 146
278 137
186 158
354 111
163 105
356 94
380 178
191 172
335 216
389 88
256 106
367 131
168 89
249 130
238 79
163 202
377 165
277 186
269 229
332 223
382 125
214 168
398 85
388 111
306 149
274 99
147 110
198 157
261 100
374 139
225 108
147 188
357 145
248 87
275 110
298 83
290 132
167 142
218 220
368 118
138 217
172 118
401 178
253 140
260 160
184 229
244 149
322 159
163 147
377 97
395 141
233 193
381 180
207 96
233 144
319 164
255 208
292 212
247 144
306 93
170 107
177 166
200 172
361 78
183 225
170 217
259 98
214 210
179 134
395 118
247 164
380 151
188 83
198 78
221 203
258 168
398 100
246 179
159 148
300 148
168 221
401 170
145 168
143 184
391 124
284 183
369 190
306 120
404 178
390 205
255 131
305 135
238 95
370 156
307 231
379 188
397 213
189 192
344 110
367 143
183 119
337 211
322 180
319 179
347 202
363 126
307 86
360 139
261 129
288 116
160 224
409 128
180 225
183 160
315 151
166 163
292 148
394 175
196 157
367 174
409 127
326 122
240 211
359 103
382 176
328 96
315 154
307 79
262 143
319 147
379 222
161 182
165 107
398 85
172 114
278 159
386 200
229 172
318 123
371 96
188 206
389 86
138 122
148 130
357 119
405 93
196 162
391 153
387 215
378 171
310 111
267 141
204 203
238 180
393 137
216 122
166 114
362 149
210 179
286 187
322 92
206 130
314 114
380 88
229 119
210 174
409 97
395 164
169 163
176 93
266 216
259 105
250 168
346 115
151 99
171 158
302 125
168 173
235 186
380 138
214 203
286 224
211 87
390 135
178 156
410 204
386 188
346 217
354 86
383 99
375 114
257 179
388 157
271 168
381 147
204 88
352 156
320 204
225 218
347 135
381 161
334 108
147 165
185 166
161 181
265 112
331 136
406 100
351 99
333 226
289 100
320 134
371 198
147 91
139 226
404 169
257 99
215 163
376 223
340 224
342 205
224 190
392 106
284 101
264 137
380 171
172 101
281 153
286 190
317 176
331 201
214 95
236 229
362 219
392 118
277 123
282 106
333 87
238 229
374 100
373 129
262 223
351 129
231 88
221 170
285 77
149 140
404 220
362 182
360 227
360 133
323 162
263 192
230 99
328 156
316 133
206 137
160 153
198 97
294 222
290 150
242 127
381 163
254 221
404 203
305 123
404 94
395 185
151 102
307 215
145 225
329 155
230 215
340 196
186 209
292 99
278 115
264 160
298 139
404 132
309 113
175 212
356 139
175 140
343 138
201 89
360 106
237 184
275 87
145 136
142 115
376 109
212 211
359 191
259 137
390 120
170 165
372 198
382 122
175 222
314 152
387 126
386 115
204 180
228 97
365 138
333 126
330 175
181 195
303 215
270 131
385 149
270 230
410 109
311 152
398 113
255 182
262 139
408 91
176 113
243 192
166 219
138 133
333 182
218 168
373 192
252 213
254 144
363 121
146 179
405 226
169 132
306 196
152 204
170 172
202 226
199 172
143 228
363 124
411 134
255 102
222 230
384 227
331 200
401 89
252 147
276 227
233 94
403 182
354 164
318 212
284 100
324 146
219 171
406 114
231 192
146 188
298 181
137 210
333 203
233 142
284 145
338 102
243 219
204 123
258 102
229 168
290 231
234 85
354 112
157 114
339 137
311 129
309 214
400 106
277 117
195 157
392 77
316 86
179 225
172 168
278 231
312 214
217 89
253 199
234 114
329 146
170 107
241 183
226 180
182 130
358 145
390 196
353 119
285 187
167 165
261 217
282 201
252 126
241 84
311 107
395 212
365 127
245 131
382 227
262 104
247 89
351 165
319 87
317 171
140 180
386 213
314 171
289 157
348 89
288 163
296 215
395 125
284 119
321 175
230 101
366 95
229 141
175 126
226 127
253 131
222 95
207 183
259 215
410 122
167 158
227 153
199 192
351 82
380 139
354 218
349 145
334 139
206 189
263 174
312 109
282 196
378 134
150 171
373 212
310 197
298 218
404 139
323 118
352 141
174 173
151 216
331 223
267 88
150 98
336 206
298 112
258 127
175 153
344 149
240 222
384 182
317 136
315 108
192 119
209 172
177 218
205 102
400 187
272 150
264 99
181 221
147 228
246 98
292 121
149 217
247 128
256 167
405 115
386 97
271 195
372 177
156 219
383 142
333 216
232 176
298 151
218 106
312 181
235 186
402 146
320 127
411 231
368 222
271 145
231 224
188 93
178 193
211 194
345 80
381 118
191 82
295 111
216 227
405 220
200 219
151 231
295 225
363 180
345 137
362 121
289 136
318 143
275 78
274 83
296 185
325 209
264 136
318 106
267 200
399 197
235 116
199 231
226 126
228 108
167 127
374 155
228 204
143 117
183 106
227 113
168 174
258 230
337 219
239 164
193 180
262 230
200 122
315 145
322 198
208 107
322 178
318 145
165 121
244 147
306 207
363 105
238 177
329 152
383 191
150 190
386 179
198 159
263 141
280 152
272 160
220 200
369 209
280 166
307 172
254 126
180 182
264 222
163 198
290 92
305 157
287 146
247 192
140 141
140 203
315 206
377 177
163 200
325 118
236 117
386 217
159 84
351 105
228 201
296 81
202 116
391 140
208 104
262 206
409 181
320 186
204 149
281 157
250 230
191 177
233 190
260 115
312 132
202 143
284 177
303 127
391 79
187 109
230 188
310 100
239 180
344 203
406 162
243 149
306 196
376 222
344 128
310 174
406 135
255 112
379 152
340 209
370 121
195 200
189 92
224 196
226 170
171 95
212 175
281 178
243 221
265 131
149 83
258 103
162 205
401 148
357 117
364 160
306 123
333 195
195 180
159 149
167 126
237 203
375 86
205 109
317 200
151 174
216 106
247 163
371 143
142 184
282 218
340 201
356 124
396 135
351 154
193 197
268 124
213 162
303 185
273 169
367 162
214 167
341 150
349 194
150 156
264 82
285 182
245 166
344 163
301 188
272 229
281 125
222 229
306 219
273 204
266 123
210 203
397 219
334 109
406 223
311 225
182 114
192 183
408 169
337 157
410 96
317 188
271 135
281 113
145 104
140 128
275 178
389 155
342 118
329 202
224 190
212 132
308 88
338 188
281 211
182 127
268 206
145 173
269 192
195 106
224 113
315 104
192 82
236 219
227 149
334 160
384 168
161 135
357 215
232 125
291 146
222 157
158 220
360 126
239 195
146 112
380 214
332 82
362 109
404 89
298 94
396 158
362 165
326 146
199 160
331 81
194 151
146 230
254 149
377 190
235 180
377 124
267 120
241 118
380 231
242 124
186 133
293 229
311 113
260 178
231 141
299 85
242 144
388 109
387 224
206 231
141 102
335 142
171 180
138 89
162 96
192 89
226 226
389 188
144 213
142 214
166 210
358 229
227 170
292 184
161 227
381 162
308 114
365 146
254 135
318 225
251 142
400 96
367 165
358 217
345 227
164 114
368 193
245 212
233 217
202 187
234 93
311 156
337 117
164 97
399 82
396 135
274 99
224 192
251 116
179 80
374 208
262 182
225 128
144 167
368 212
311 116
368 97
261 126
401 120
340 136
143 86
147 187
215 179
285 143
184 127
375 101
160 180
193 222
174 136
331 124
279 219
411 115
298 139
398 164
165 171
176 201
315 139
409 142
383 123
188 180
254 133
390 150
295 172
224 182
215 157
325 136
392 208
259 81
398 162
160 103
250 181
151 144
349 155
218 156
345 159
159 87
338 158
345 228
367 131
246 211
142 202
311 137
199 172
289 86
207 136
184 188
185 83
394 209
337 160
320 104
407 126
277 181
183 86
377 150
386 186
328 148
396 178
158 137
177 132
188 213
336 86
168 88
287 198
317 136
409 215
166 195
138 196
325 166
381 100
331 212
359 174
245 124
240 212
157 164
215 175
297 128
309 157
385 122
298 83
230 178
166 218
193 226
261 82
261 193
377 216
337 176
200 139
169 117
391 87
173 225
298 224
326 81
324 97
229 185
304 208
286 135
402 210
326 111
214 141
206 95
139 181
363 165
273 89
328 176
235 112
245 166
167 157
340 86
341 174
146 122
338 107
311 135
202 102
197 142
178 197
226 222
230 173
382 194
335 105
192 207
327 166
153 184
146 120
160 229
325 118
319 130
326 137
261 208
169 213
263 209
154 107
180 131
305 149
340 212
214 181
193 117
284 186
155 137
383 98
216 77
298 116
252 122
390 167
188 219
216 146
234 132
201 202
197 116
158 164
178 177
274 95
222 144
330 216
142 137
168 156
261 148
169 142
352 207
374 174
285 138
178 180
328 199
197 229
380 133
277 105
216 172
296 105
387 148
150 194
233 91
342 87
355 161
200 95
274 131
283 100
166 204
215 216
393 182
224 185
323 166
274 86
217 93
358 120
195 174
293 84
348 216
266 192
270 117
147 140
361 146
232 212
145 189
190 169
190 107
182 102
327 163
407 106
178 157
407 164
280 130
345 204
390 197
373 79
341 175
410 151
407 218
186 103
382 102
209 231
309 123
313 192
230 166
147 210
355 199
174 95
340 119
191 192
226 86
381 138
176 107
223 123
406 198
323 222
374 156
409 93
389 109
137 85
212 167
388 226
273 100
257 138
177 192
252 193
286 154
322 109
199 182
304 163
275 190
369 173
163 150
259 227
167 84
199 136
306 168
226 159
262 96
251 219
255 139
405 207
305 169
270 172
222 230
360 204
197 185
368 164
237 131
142 92
316 203
328 124
248 110
404 156
321 198
242 116
394 94
363 112
335 98
139 207
297 145
233 225
206 193
154 167
405 172
240 114
330 163
143 167
224 163
231 209
153 112
176 103
192 94
382 183
173 80
368 186
258 105
283 200
385 109
259 199
383 175
324 131
322 198
198 125
303 120
340 194
363 129
390 98
337 143
401 101
235 125
205 140
154 225
199 84
318 80
151 179
181 191
160 201
148 105
156 119
228 220
295 114
150 198
290 229
410 155
336 167
302 161
184 156
202 82
347 154
256 137
376 136
277 150
256 218
245 161
337 171
356 161
383 222
296 117
399 213
338 97
184 86
251 123
268 108
266 146
167 136
148 173
382 138
218 98
205 174
338 220
316 186
212 157
185 97
176 229
350 154
258 165
184 101
310 231
266 204
215 146
207 93
397 121
253 114
304 166
399 159
142 94
324 125
399 177
233 84
327 145
238 158
181 229
224 157
288 223
313 175
366 110
385 93
206 162
318 175
329 106
230 87
411 123
263 220
178 153
166 140
147 139
404 122
275 88
144 195
235 184
323 201
334 207
235 89
394 203
274 200
301 109
218 82
196 77
144 149
346 228
251 111
329 99
181 197
385 77
386 161
357 161
332 184
155 160
329 132
231 172
304 231
144 115
353 122
232 118
339 95
409 110
222 203
145 223
281 197
178 157
226 220
170 137
364 134
377 91
188 168
392 182
340 143
285 83
152 194
342 92
233 155
213 170
397 98
295 209
307 133
181 135
214 231
198 195
363 130
300 171
391 180
199 134
219 112
390 160
171 177
199 99
259 84
283 103
373 126
326 183
181 170
411 231
273 186
166 101
194 172
400 144
350 214
171 117
184 208
363 92
275 222
176 172
145 174
296 101
280 144
245 116
265 150
174 130
347 230
287 163
263 218
151 140
277 136
225 80
350 172
321 91
182 94
321 153
253 147
375 212
168 165
275 210
174 91
405 95
285 96
139 121
280 110
323 128
201 194
157 160
245 161
358 175
348 95
237 224
244 110
255 195
294 93
406 88
141 100
314 95
358 126
367 84
295 156
385 176
147 86
193 123
334 143
376 174
174 178
402 83
280 148
161 197
376 118
287 184
238 173
406 221
179 166
323 112
146 205
391 142
387 215
224 230
329 100
266 86
404 165
258 174
374 114
389 221
290 218
293 80
228 185
361 199
178 204
180 148
353 147
170 171
385 213
218 138
298 120
153 151
369 182
219 165
353 229
399 104
284 168
174 131
303 79
279 199
388 112
356 146
338 154
251 142
283 123
149 154
208 212
162 207
247 181
174 104
175 178
175 148
167 202
263 186
243 89
335 113
409 207
195 77
274 174
366 98
263 83
267 210
354 164
249 150
369 141
254 208
303 95
288 93
209 169
266 207
296 230
243 124
252 141
278 135
269 89
234 78
241 189
343 116
210 214
381 140
317 131
301 86
229 203
366 132
191 123
323 154
196 131
147 77
169 164
139 200
157 221
406 154
190 104
348 157
369 207
232 211
293 126
223 156
370 168
393 117
171 172
220 216
182 158
223 112
260 87
167 123
188 172
159 191
254 85
385 183
161 191
321 86
356 147
145 166
174 215
147 189
215 216
307 152
155 82
332 116
161 154
279 195
409 180
404 118
375 196
409 131
278 117
200 110
275 152
358 229
151 94
356 215
206 182
299 219
283 122
306 129
169 91
317 116
394 194
340 226
276 184
296 125
255 198
276 210
281 104
229 193
398 116
347 184
265 154
335 129
293 161
299 177
239 205
227 161
411 224
231 121
323 158
248 142
407 226
138 128
231 87
212 135
289 203
171 189
140 218
181 207
220 85
374 137
148 201
319 225
185 107
392 188
267 78
175 188
272 162
241 165
224 148
348 118
160 216
311 123
318 202
164 115
379 167
170 115
278 206
217 138
210 95
251 157
250 204
241 198
138 150
370 99
176 178
213 140
317 177
369 207
177 222
233 89
332 87
279 231
268 126
344 183
370 79
232 177
231 191
378 138
169 103
366 159
299 140
303 129
380 207
287 141
336 189
201 203
370 165
401 144
213 127
191 93
289 96
396 78
304 88
148 134
151 97
368 174
266 185
197 122
352 201
270 173
393 122
323 138
343 152
305 157
274 226
217 109
290 99
265 215
263 130
320 185
401 197
312 165
372 182
355 178
381 158
226 176
314 195
299 225
181 78
321 200
363 231
251 214
233 227
351 190
331 104
394 219
273 150
304 186
293 219
138 177
312 89
368 172
231 203
268 207
231 198
243 80
173 182
156 181
335 192
189 78
314 152
312 189
311 219
258 219
379 215
301 117
137 112
245 109
321 148
220 204
275 219
230 88
370 213
291 124
148 89
281 160
193 214
323 211
338 178
408 98
278 185
324 142
235 129
306 149
192 90
300 174
271 98
399 95
283 142
393 158
340 172
269 211
238 135
360 112
373 225
255 95
367 85
213 148
310 152
247 216
269 196
362 182
335 116
211 78
340 188
175 100
156 190
189 85
364 113
307 116
235 208
322 149
238 155
170 196
319 212
160 205
227 201
411 89
250 210
402 221
169 167
265 138
171 170
152 165
381 110
349 158
315 150
408 220
264 223
336 193
371 148
388 224
232 152
290 209
405 120
306 124
342 138
195 138
157 145
368 166
317 222
272 177
224 177
382 214
227 121
319 229
144 207
343 113
335 105
264 151
340 196
203 225
342 138
309 83
326 78
139 129
251 167
224 137
253 184
228 108
196 157
173 184
294 137
147 224
210 173
292 170
381 229
149 155
171 128
153 82
156 138
213 229
224 200
156 81
155 153
147 103
385 212
345 138
363 177
137 85
325 141
198 83
313 177
261 78
375 124
250 109
323 77
271 145
211 210
167 230
193 209
191 208
254 130
312 209
322 225
165 193
175 210
183 82
332 156
242 216
218 214
359 85
295 206
319 178
168 94
363 186
336 84
230 163
149 138
315 117
268 132
345 131
137 231
307 193
408 167
347 91
319 145
279 165
395 77
233 89
144 173
232 194
344 179
268 183
265 227
410 181
184 188
218 133
389 217
313 80
267 161
219 143
137 197
173 123
357 150
192 132
189 90
296 111
200 175
278 183
225 184
139 185
314 96
178 205
159 109
348 129
275 146
273 126
198 226
408 175
156 94
358 125
327 82
248 126
336 176
379 135
381 133
195 141
241 156
229 216
348 221
371 91
178 185
392 173
265 149
373 138
350 216
349 101
327 111
187 117
274 172
255 149
156 184
304 165
229 163
178 186
171 151
192 94
395 112
349 205
328 153
376 173
296 154
157 224
367 122
272 137
365 169
299 128
302 121
201 80
153 206
171 143
195 227
389 131
355 226
289 147
288 168
321 177
280 229
306 127
389 190
172 162
296 202
343 81
286 209
401 140
162 103
203 176
213 199
285 222
196 154
188 182
257 157
377 138
148 207
155 148
351 231
225 184
410 229
388 170
411 190
292 88
296 123
244 219
219 128
376 135
336 90
204 120
382 130
337 224
195 119
401 118
269 225
205 196
358 218
301 168
159 163
410 122
178 193
157 176
350 93
173 90
294 199
263 194
184 201
147 133
207 182
139 214
332 164
343 208
276 125
400 201
178 124
398 179
154 230
236 96
345 230
219 95
318 228
280 193
162 216
232 185
221 144
329 137
260 195
232 149
400 212
194 134
209 153
325 200
293 199
168 223
171 197
338 104
342 231
159 184
178 198
237 134
247 212
169 192
377 179
261 121
185 168
207 77
392 179
145 121
289 215
251 157
176 230
144 207
378 97
142 185
370 204
313 182
339 170
147 82
281 223
376 222
253 129
299 158
151 92
339 209
251 212
222 226
200 219
174 87
164 201
405 191
222 229
272 175
187 227
204 220
333 165
288 102
274 183
260 177
187 210
407 201
186 123
339 102
138 214
340 227
241 78
170 83
169 145
187 77
146 208
176 135
187 176
288 103
230 77
187 79
402 223
197 184
385 92
342 100
293 207
369 195
358 86
183 188
252 142
233 173
139 176
288 171
145 173
218 116
358 194
392 148
380 205
189 122
215 110
401 176
147 93
320 86
147 150
314 187
211 124
322 228
277 160
361 126
368 189
155 186
346 90
273 161
197 100
204 191
289 151
216 221
231 148
336 127
407 112
252 216
203 77
359 227
172 85
175 102
174 169
336 212
249 178
275 128
216 190
382 229
303 195
372 224
204 137
199 178
344 104
266 161
207 161
293 82
245 195
176 144
137 111
332 168
362 183
354 143
384 198
302 152
236 131
206 171
312 182
319 195
373 194
384 217
328 223
230 137
354 126
337 87
142 95
216 194
351 127
149 115
163 138
369 99
252 168
400 141
158 104
325 111
309 225
195 105
342 124
347 177
137 190
174 205
251 189
143 115
372 107
333 160
166 119
252 149
392 196
154 118
294 205
195 227
392 154
366 176
411 103
320 165
250 210
220 200
270 91
284 231
328 112
176 105
300 186
405 80
332 119
200 169
305 79
358 84
161 120
379 78
219 99
202 107
379 107
251 88
202 198
267 139
304 190
404 108
166 201
366 93
314 222
382 179
263 83
210 170
166 93
184 102
367 188
257 91
337 209
348 191
226 87
347 220
243 188
351 81
363 231
146 185
221 188
336 105
326 228
278 97
158 170
279 77
278 142
330 221
408 207
368 91
189 125
163 229
234 155
405 88
276 191
311 175
365 165
229 100
401 180
329 231
382 147
198 173
279 99
372 126
393 169
306 92
267 181
320 83
330 152
401 148
340 155
208 83
152 167
202 219
158 84
289 96
187 204
376 185
188 193
215 204
360 185
188 93
329 78
180 79
151 117
275 90
246 79
388 81
383 133
151 166
205 184
145 88
278 85
228 101
167 223
236 126
374 222
292 202
180 81
410 215
210 220
244 212
235 190
143 170
403 181
403 154
312 165
175 109
360 176
149 87
265 132
176 155
291 160
353 151
158 192
360 164
282 179
231 128
275 163
341 212
272 129
258 109
177 97
159 116
160 141
281 200
310 222
211 195
172 184
199 143
149 95
195 77
312 165
171 121
388 210
274 152
243 131
181 149
263 167
303 77
228 231
179 140
141 156
181 103
219 124
190 184
317 230
342 169
303 188
403 227
235 180
359 123
323 120
210 170
221 145
309 129
349 154
185 131
185 182
257 206
218 80
346 84
254 113
180 197
260 153
195 114
141 103
223 125
170 219
352 96
146 124
159 151
205 149
408 123
180 218
298 148
168 152
368 106
401 108
373 216
212 101
188 100
260 146
161 211
156 100
233 161
234 221
151 147
397 93
315 132
160 215
386 98
140 210
283 110
233 132
326 135
298 184
239 186
361 146
190 89
309 89
182 148
249 152
172 212
228 183
316 146
146 97
324 140
211 164
326 128
370 113
382 80
370 211
354 216
237 110
269 154
137 148
191 221
147 99
141 219
229 120
400 225
165 206
298 169
189 125
347 203
350 166
234 182
226 160
314 230
176 135
311 90
179 122
317 81
228 206
249 168
357 186
203 177
351 230
245 126
235 133
382 117
324 195
165 95
168 119
197 81
404 212
271 133
321 188
323 185
247 123
163 105
186 188
256 201
281 190
378 132
177 85
193 231
343 152
146 98
274 98
145 176
324 223
290 208
383 106
218 210
253 140
229 89
265 149
269 176
314 224
138 180
264 158
257 207
267 179
388 220
271 197
195 85
291 131
373 197
221 202
317 188
391 182
262 186
246 104
238 227
237 102
233 187
348 194
345 85
288 170
304 186
317 194
184 134
167 210
398 230
178 77
262 136
225 87
338 200
381 99
245 88
188 166
352 81
222 208
365 162
150 144
295 169
188 97
266 91
410 231
204 98
225 138
321 184
327 80
272 214
337 213
324 212
274 153
244 77
318 152
184 134
366 195
303 192
193 115
409 219
211 227
287 98
270 224
274 126
368 201
270 85
282 171
400 130
248 214
316 226
254 192
334 136
192 170
359 182
234 209
221 195
377 229
374 203
264 132
296 89
287 226
273 223
385 219
292 100
366 117
375 153
221 90
321 120
361 159
372 222
297 140
233 80
225 175
262 212
377 178
258 166
173 109
193 228
389 197
341 163
382 197
365 225
219 173
293 195
369 95
267 224
205 177
218 94
328 188
176 84
408 100
196 230
201 140
222 211
352 180
176 168
262 168
349 129
201 173
309 80
246 170
183 102
248 144
334 117
379 100
369 167
378 159
301 106
367 213
379 133
357 87
301 141
141 147
275 120
279 121
224 146
183 199
199 137
243 201
400 154
139 115
244 211
353 118
150 90
294 225
407 116
285 103
175 81
354 168
380 141
178 194
193 170
234 112
400 146
307 124
359 230
193 102
295 139
349 111
207 108
202 196
283 172
219 198
213 95
151 199
266 219
399 134
144 144
358 176
184 82
327 167
241 157
289 179
259 229
294 168
367 156
303 123
253 123
352 166
278 115
344 196
258 123
168 105
144 190
263 168
390 206
320 105
207 118
227 86
376 94
340 228
222 163
255 179
376 179
154 156
169 117
232 197
355 153
384 188
285 210
405 135
276 218
318 178
383 214
259 154
226 187
142 206
215 196
345 177
152 172
342 159
175 217
388 145
346 97
327 77
362 187
319 113
326 124
313 207
208 188
197 137
402 83
407 87
394 85
262 158
400 204
256 161
326 196
269 216
269 97
200 200
174 220
314 191
192 222
279 152
336 134
222 103
384 213
388 222
328 177
410 91
270 110
251 166
259 141
314 97
393 156
166 99
160 131
204 148
268 184
257 83
200 149
400 117
347 228
391 108
201 107
269 224
369 192
301 119
258 198
250 165
167 142
288 94
190 197
325 221
313 204
237 194
317 183
260 128
281 187
229 151
313 94
401 86
177 134
331 164
156 210
216 227
261 148
246 199
341 212
401 192
342 164
386 228
268 82
372 192
277 86
226 220
384 99
395 160
209 124
338 172
239 164
314 155
278 117
239 169
369 143
145 82
212 230
234 192
320 137
410 125
337 193
352 88
300 113
183 184
400 159
304 86
284 218
219 96
381 118
296 192
354 203
193 96
374 101
144 174
366 117
315 120
251 187
264 79
374 169
326 127
202 156
185 139
324 141
240 101
248 203
207 82
306 182
364 141
218 148
362 196
305 202
153 159
367 195
233 195
305 87
170 118
406 112
233 193
378 190
249 104
283 142
353 210
400 223
184 172
342 118
147 112
226 103
309 93
229 158
217 217
401 184
186 103
352 139
297 196
252 165
319 92
154 136
399 149
167 230
303 93
210 196
262 163
374 221
385 214
314 175
379 150
403 165
271 165
159 231
287 210
228 209
350 161
151 159
260 148
241 100
137 175
282 99
308 173
365 223
358 173
254 103
297 91
295 223
301 103
282 227
157 172
179 94
292 146
405 129
303 166
314 139
248 112
358 214
262 182
401 126
161 99
159 124
168 133
364 159
210 132
296 117
235 160
401 97
180 216
182 107
255 186
197 133
396 134
197 145
147 185
338 193
157 208
355 124
159 157
223 95
142 85
244 85
244 225
308 212
223 117
272 77
370 95
387 148
404 139
198 91
326 222
216 77
308 139
368 176
371 119
382 142
388 187
386 116
316 118
229 171
149 160
213 224
192 82
236 147
277 110
231 86
216 198
294 187
235 196
176 152
324 231
312 100
297 174
201 115
153 131
243 130
262 225
270 167
139 126
310 92
379 100
186 217
366 199
334 140
174 142
155 131
166 91
152 133
281 151
208 217
179 122
184 146
366 206
175 98
405 163
147 99
311 104
307 94
212 83
332 199
348 201
263 87
291 174
286 85
310 96
277 203
286 126
269 167
142 184
139 86
202 119
198 161
331 124
234 230
289 189
208 115
140 92
407 218
210 110
158 231
406 177
210 198
302 77
411 205
405 170
280 208
378 149
275 219
364 117
301 199
398 219
405 181
348 103
312 94
234 104
192 205
376 178
392 168
247 188
161 93
321 200
398 91
323 132
258 116
186 139
161 86
312 186
338 144
295 205
296 147
204 216
194 137
166 200
310 226
387 130
359 206
174 158
368 199
167 142
325 216
226 215
225 122
271 152
229 186
224 123
179 121
216 154
307 130
283 168
165 211
256 106
187 204
373 103
325 219
306 176
149 197
231 93
149 196
182 163
249 227
195 222
200 180
312 184
377 227
364 146
354 225
223 112
334 141
232 165
370 112
160 77
367 202
208 125
409 188
251 218
284 200
145 115
334 199
238 223
220 121
281 228
196 130
373 158
187 218
410 182
341 123
312 121
262 184
329 169
376 176
319 134
321 213
290 89
243 187
379 208
226 137
224 156
299 170
286 223
307 111
183 134
208 210
302 85
192 203
358 77
305 228
356 205
348 125
230 94
390 114
276 195
385 82
298 223
322 231
261 92
308 193
294 167
259 134
353 223
245 155
242 230
370 224
208 217
325 93
312 172
195 99
248 187
212 150
185 185
386 230
401 163
369 164
366 177
255 195
407 100
318 151
229 88
317 186
236 190
226 228
317 140
388 167
326 155
378 164
260 93
344 230
329 119
353 200
236 218
299 167
334 107
291 164
220 193
287 180
367 81
146 137
142 90
203 199
356 99
298 91
290 214
229 131
336 125
359 122
255 171
411 115
207 225
244 178
297 182
331 101
325 143
204 202
274 155
147 78
174 145
177 135
408 228
213 170
405 197
245 158
285 218
157 172
373 219
215 223
219 89
270 124
192 86
242 113
407 160
149 180
398 219
385 92
232 163
365 227
399 83
324 189
142 133
286 202
217 181
282 134
355 142
173 95
227 137
408 231
326 80
273 207
262 223
341 137
243 131
203 94
323 100
198 125
374 140
296 117
292 186
182 133
222 127
353 216
195 115
174 193
319 231
378 215
197 96
223 107
221 106
236 92
375 167
143 159
365 126
207 79
400 139
361 196
380 192
337 203
139 109
156 201
268 110
139 148
354 220
268 208
214 194
276 186
245 97
355 131
358 115
195 126
209 122
344 93
280 137
368 207
403 96
164 170
197 206
228 168
297 167
142 215
203 182
295 209
400 103
267 175
243 171
295 139
217 167
208 231
301 135
242 202
340 227
341 156
332 143
264 109
410 111
301 109
391 201
252 138
150 85
139 160
340 181
179 161
310 219
188 218
280 101
397 206
398 220
172 214
407 106
138 198
356 115
402 131
176 191
260 94
173 208
238 101
325 147
371 139
313 138
356 93
316 183
336 219
137 181
310 122
409 146
296 120
347 231
254 93
231 176
274 220
158 118
361 142
154 195
232 159
336 200
371 211
262 209
406 200
183 78
351 88
303 134
177 127
288 171
281 132
236 121
397 146
378 213
254 120
226 173
141 113
364 100
394 226
388 97
354 93
381 175
245 94
363 225
288 177
362 103
146 104
271 128
156 180
292 162
374 87
242 203
168 171
184 147
150 132
189 155
149 190
231 116
406 212
202 117
224 197
308 93
174 102
340 214
323 77
252 99
244 105
330 199
194 205
219 187
254 103
285 177
320 141
210 215
242 180
350 215
333 224
147 202
383 82
246 119
395 157
249 153
178 229
317 193
367 194
216 105
312 219
264 125
172 180
145 148
322 104
320 189
150 128
147 159
402 148
355 95
286 144
377 163
326 222
172 230
263 186
217 216
386 224
173 83
180 207
394 170
220 117
315 215
195 141
309 158
284 99
232 170
145 208
268 218
330 80
232 159
305 158
210 143
328 106
148 86
346 162
358 194
270 222
268 79
272 189
198 143
290 109
371 80
251 196
245 146
162 138
138 227
230 217
408 214
290 88
388 144
257 117
351 151
373 188
304 184
308 194
212 215
189 190
139 167
152 130
345 121
192 121
298 165
381 219
221 107
188 198
378 158
323 103
247 81
238 90
194 107
160 97
180 155
277 173
197 148
347 132
232 78
236 98
407 176
305 212
316 172
349 190
374 173
331 128
390 102
252 124
235 156
314 88
219 212
265 183
304 85
183 228
282 93
316 82
228 97
180 126
354 149
298 112
210 215
263 81
376 120
211 144
280 156
189 86
288 85
165 78
227 165
229 193
261 180
390 128
168 150
381 137
362 107
357 152
376 157
368 137
380 178
321 173
215 151
340 197
362 104
410 152
159 199
307 211
273 129
152 168
277 188
293 134
256 168
296 206
411 100
192 119
343 89
350 170
226 204
349 121
402 127
405 188
386 97
355 174
398 156
274 183
411 212
215 149
254 127
250 100
389 161
156 135
342 182
211 156
310 84
351 151
385 185
160 89
198 221
249 110
402 199
146 117
189 156
307 218
257 185
325 174
279 154
181 171
192 226
350 214
403 77
149 192
137 227
350 83
168 231
245 181
342 181
353 126
398 174
160 114
405 182
