requied: 0 7 1 2 3 7 9 6 5 3 
Array
(
    [0] => 0.14402341842651
    [1] => 0.62852424383163
    [2] => 0.02679674886167
    [3] => 0.26299276947975
    [4] => 0.21198853850365
    [5] => 0.90234196186066
    [6] => 0.48735237121582
    [7] => 0.66565734148026
    [8] => 0.39672121405602
    [9] => 0.17061123251915
)
SUCESS!requied: 2 8 3 5 3 6 7 7 8 9 
Array
(
    [0] => 0.14094719290733
    [1] => 0.78003370761871
    [2] => 0.16969114542007
    [3] => 0.55082124471664
    [4] => 0.25385275483131
    [5] => 0.57224762439728
    [6] => 0.69844084978104
    [7] => 0.82062083482742
    [8] => 0.69252377748489
    [9] => 0.7358426451683
)
SUCESS!requied: 2 5 7 2 0 3 4 3 9 8 
Array
(
    [0] => 0.12930290400982
    [1] => 0.44344708323479
    [2] => 0.69990569353104
    [3] => 0.16838592290878
    [4] => 0.10553029179573
    [5] => 0.041763283312321
    [6] => 0.38905400037766
    [7] => 0.20398953557014
    [8] => 0.83084046840668
    [9] => 0.96346879005432
)
SUCESS!

